intrinsics:
2.16277614e+03 0.00000000e+00 9.57959861e+02
0.00000000e+00 2.16786308e+03 5.46315238e+02
0.00000000e+00 0.00000000e+00 1.00000000e+00
distortion:
2.99742797e-01 -4.00858285e-01 -1.98195813e-02 -3.56725989e-02 2.72080011e-01
