intrinsics:
1.56188164e+03 0.00000000e+00 9.24735499e+02
0.00000000e+00 1.57159318e+03 3.84993854e+02
0.00000000e+00 0.00000000e+00 1.00000000e+00
distortion:
-1.14499790e-01 5.71418980e-02 -2.59707361e-02 -9.59194786e-03 1.12731127e-01
